Platform #0:NVIDIA CUDA
Device #0(GPU):GeForce GTX 560 Ti
	Compute Units: 8 @ 1760 mghtz
	Local memory: 48 KB
	Global memory: 1 GB

Device #1(GPU):GeForce GTX 560 Ti
	Compute Units: 8 @ 1760 mghtz
	Local memory: 48 KB
	Global memory: 1 GB

Platform #1:Intel(R) OpenCL
Device #0(CPU):       Intel(R) Core(TM) i5-2500K CPU @ 3.30GHz
	Compute Units: 4 @ 3300 mghtz
	Local memory: 32 KB
	Global memory: 8 GB

--------------------------------------------
#GPU Result:#
[0.93147,0.755439,0.728693,0.740822,0.716252,0.835368,1.057739,1.697172,0.878599,0.806755,0.715008,0.785918,0.762281,0.840655,0.733668,0.938934,0.773166,0.717185,0.735223,0.684218,0.817641,1.033169,0.677376,0.704745,1.084486,0.673644,0.793071,0.765392,0.689194,0.6724,0.684218,0.688572,0.685462,0.74331,0.741443,0.849675,0.762592,0.76197,0.726204,0.705678,0.676754,0.853718,0.738645,0.66307,0.673333,0.727759,0.673955,0.675821,0.677376,0.693237,0.709099,0.967547,0.682352,0.741133,0.725272,0.771922,1.040945,0.730247,0.762281,0.72496,0.677998,0.664313,0.673955,1.010777,0.680486,0.723094,0.69417,0.666801,0.686084,0.68173,0.668046,0.686084,0.845942,0.714075,0.668668,0.742688,0.800846,0.768813,0.673643,0.677376,0.688262,0.757305,0.680797,0.769434,0.76197,0.710964,0.688261,0.905967,0.699458,0.71874,0.751707,0.664313,0.662758,0.802401,0.677998,0.668979,1.049342,0.688883,0.671467,0.859005]
#CPU Result:#
[0.359837,0.278975,0.456871,0.286128,0.359526,0.294214,0.348951,0.274309,0.273687,0.341487,0.278974,0.282706,0.276175,0.275242,0.273687,0.386584,0.277419,0.286749,0.335267,0.277108,0.278353,0.276176,0.35175,0.361703,0.276486,0.400579,0.47491,1.268603,0.352995,0.294213,0.275554,0.278664,0.275242,0.280841,0.27773,0.277109,0.282084,0.278975,0.281462,0.27462,0.283329,0.27773,0.278663,0.280218,0.27431,0.402756,0.276797,0.275865,0.276487,0.278041,0.345841,0.278975,0.323449,0.282396,0.27742,0.295458,0.286127,0.336822,0.277108,0.280529,0.281151,0.27742,0.271199,0.273998,0.299812,0.271821,0.279286,0.278042,0.292037,0.283639,0.347397,0.275242,0.279907,0.380363,0.274931,0.280218,0.273687,0.279907,0.286749,0.275554,0.275865,0.343975,0.274931,0.350196,0.292969,0.310386,0.292348,0.280218,0.274309,0.274931,0.273376,0.351129,0.278041,0.342731,0.280841,0.351439,0.309454,0.28084,0.286438,0.275242]
