Platform #0:NVIDIA CUDA
Device #0(GPU):GeForce GTX 560 Ti
	Compute Units: 8 @ 1760 mghtz
	Local memory: 48 KB
	Global memory: 1 GB

Device #1(GPU):GeForce GTX 560 Ti
	Compute Units: 8 @ 1760 mghtz
	Local memory: 48 KB
	Global memory: 1 GB

Platform #1:Intel(R) OpenCL
Device #0(CPU):       Intel(R) Core(TM) i5-2500K CPU @ 3.30GHz
	Compute Units: 4 @ 3300 mghtz
	Local memory: 32 KB
	Global memory: 8 GB

--------------------------------------------
#GPU Result:#
[171.711997,170.982373,171.716974,172.651864,172.61952,172.15394,171.581996,171.847597,172.865838,173.258952,172.504136,172.716866,172.331837,171.445464,172.346765,172.406168,171.683074,172.269635,172.90658,170.719881,171.355582,171.431469,171.312041,171.863148,171.824271,171.94121,172.504136,172.735215,170.807586,171.761448,172.34179,171.263835,171.199767,172.263727,171.261347,172.565093,171.761137,171.682141,172.495428,171.862836,172.532748,171.503,173.478213,171.880564,171.365223,170.852682,171.180795,171.57702,172.077743,171.640466,173.348523,171.456038,172.822297,171.791304,172.394971,172.73366,171.720395,171.25326,171.015339,171.844177,172.777512,171.48465,172.059394,172.724329,170.576818,172.743923,172.28643,171.687739,171.482162,172.116309,172.333392,171.475943,171.778553,171.838578,171.961426,172.112577,172.617342,171.191059,172.153629,173.229717,171.518551,172.115064,172.007144,172.457795,174.154968,171.756783,171.710442,171.835468,172.23076,171.847908,171.791926,172.072456,171.733146,171.805922,172.791819,172.302913,172.522174,172.831006,172.59495,172.076499,171.98133,172.418919,172.809546,173.337637,171.917885,172.381598,172.318775,171.182973,172.812656,171.550274,172.343655,172.008388,172.59184,171.95334,171.628336,172.482054,172.426695,172.990864,172.225784,171.878698,171.40752,172.445977,171.136632,171.761448,172.438202,172.185352,171.650729,174.462243,171.136632,171.079407,173.282278,172.143988,172.903781,171.849152,172.710023,171.339721,171.72506,171.222781,171.201011,173.314312,171.627404,171.357759,172.89103,171.52477,171.6725,172.183175,172.980601,173.408859,171.544053,172.473968,171.650107,172.411144,172.107601,172.230449,171.79597,171.92566,172.076499,171.766113,172.548299,171.028712,173.685967,172.001857,172.389684,171.55525,171.78695,171.072254,171.645442,171.624604,172.153007,172.092983,172.914355,171.888961,171.958938,171.823027,171.899846,172.287674,172.112887,172.938303,172.343966,173.326753,171.904823,171.010052,172.29265,172.72433,171.957072,171.331013,172.415809,172.880144,171.721328,171.43831,172.603347,171.522282,171.599723,171.501445,172.02145,172.341478,172.710956,172.211476,171.954895,172.4099,171.919751,171.414363,173.065506,172.171979,172.788708,171.233667,172.859929,172.099825,171.039909,172.238223,172.891963,171.709198,171.922239,171.199767,172.971581,172.127815,172.130926,171.095891,171.711687,171.895803,172.716865,171.975111,172.993973,172.019274,171.603145,170.543539,172.293583,172.456241,172.658395,171.081273,171.259792,172.857441,171.97511,172.281143,170.297532,171.968891,172.826962,172.237291,172.626984,172.802082,172.01834,172.917154,171.907933,172.168247,172.143677,172.239157,171.950541,172.629472,171.185461,171.870612,171.942144,171.779487,170.586148,171.139432,171.670322,171.761448,173.027252,172.238535,172.598371,171.795037,171.082517,171.472522,171.709199,172.39155,171.96858,172.187529,171.618073,171.42898,170.837131,172.213032,171.511708,171.939034,172.946389,172.236358,171.787573,170.806652,172.190328,171.790683,172.189395,171.06199,172.917776,171.680897,172.824785,170.154157,172.767871,171.83298,171.126681,172.659951,171.42898,172.784043,172.829139,171.83609,173.673215,171.099622,170.952515,172.998328,173.554722,170.866989,172.306334,172.861173,172.706291,172.922753,171.255437,170.973664,172.120352,171.59848,170.873208,171.65415,172.404302,170.21356,173.287876,171.147828,171.654772,173.221943,172.091427,172.269947,171.483096,171.489316,172.486097,172.53026,171.845731,172.845001,171.930947,171.693959,172.406479,172.887609,169.559198,172.403991,171.44111,173.23345,172.004656,172.113198,172.937992,172.049442,171.516685,171.088426,170.493778,172.23698,172.236046,172.158917,172.878279,171.95023,171.623983,172.289229,172.319708,174.112048,173.304049,170.971487,172.232937,171.501134,171.641087,171.805611,172.465881,172.69665,172.128438,171.473144,171.510154,172.648755,171.814319,172.239468,172.221429,172.288296,171.11735,172.247865,172.197792,172.02736,171.411253,170.499066,172.647511,172.001546,171.778554,172.310378,171.617762,172.500715,171.216562,172.655908,171.582618,172.050685,172.877656,171.133211,172.088317,172.420475,171.929703,174.252624,172.663371,171.795036,172.386264,172.817943,172.590596,172.484853,171.975421,172.13528,172.942347,171.74652,171.649174,171.909488,171.619006,172.789952,171.969513,172.184419,172.186285,171.21905,170.840864,172.14461,172.807058,172.271191,171.886473,171.85164,171.544364,172.32033,172.28332,170.950027,172.70909,173.542903,170.485692,172.321574,171.107086,171.932192,171.455727,172.812345,172.561672,171.832358,172.784354,171.717907,171.878076,172.840958,171.863458,171.66939,172.22174,172.856197,170.979262,171.821161,172.034203,171.092469,171.510776,171.577331,172.15985,172.509734,172.884188,172.168868,172.103868,171.502689,173.210125,172.752009,171.714797,170.766844,171.693337,170.942563,172.688564,171.964537,171.427736,172.33277,172.590596,172.302603,172.164826,172.392795,172.725573,172.034824,173.177469,171.96858,172.986509,172.662439,173.477591,171.337544,171.939345,173.684723,172.165137,172.398082,171.470345,172.399637,172.628228,172.455929,172.707224,173.558454,173.004237,172.114442,171.992216,172.047576,172.807057,172.858063,171.732214,172.231382,171.822717,171.817119,172.341168,171.674055,172.515332,172.829139,171.985996,172.464948,172.98993,172.729928,170.867299,171.513264,171.660059,172.678923,172.289229,172.608012,172.200281,171.637667,170.475428,171.099311,171.144408,170.708686,172.246309,172.140878,172.172912,172.402125,172.410833,171.879942,172.421408,172.15394,171.395391,172.213654,172.277099,172.683276,172.11071,171.332256,171.017827,171.694581,172.464637,171.41654,171.880875,172.332459,172.158917,172.070279,171.526637,171.394459,171.770157,172.478322,169.63073,172.639424,170.923281,172.032647,171.530058,171.775132,171.721328,172.154562,171.495847,172.2432,171.309242,171.639221,171.770778,172.79244,171.096201,171.951163,171.65104,171.97791,172.160161,172.059705,170.996368,172.798349,172.65684,173.241847,172.356096,172.251908,171.964536,172.055351,173.30156,172.469303,171.751807,171.836401,171.265079,172.222363,172.260927,171.85164,172.390929,170.714595,172.754498,171.976977,172.171356,172.143988,171.801879,172.234803,172.771602,171.138187,171.721328,172.680477,172.266526,171.888339,172.370402,172.057527,171.670634,171.651662,171.775754,171.716663,171.99346,171.817119,171.733457,170.801365,172.071212,170.747561,170.638086,172.781866,170.5961,172.688252,171.642332,171.826759,172.762584,171.754606,172.836914,171.624293,172.12626,172.326861,172.295449,171.503001,170.63,173.721732,172.389063,172.39746,172.839403,171.757094,171.602212,172.180687,172.082719,172.935816,172.515954,170.613517,170.942874,170.558158,171.965158,171.932192,172.255329,171.668768,171.207231,171.595059,171.8392,171.952407,171.541876,172.914045,171.628025,171.619939,171.612164,171.825515,171.734702,172.273679,171.818052,172.396838,171.713552,171.722883,171.748696,172.68452,171.774822,172.85433,173.086966,172.529949,171.827692,172.192505,172.766004,170.973664,171.510465,171.414674,172.223296,172.542701,172.015231,170.450237,172.974691,172.032958,171.641088,171.683696,172.908446,173.466706,172.767249,171.85755,171.523527,171.615586,172.979356,172.100758,171.274409,171.429292,171.519484,172.677989,172.589974,171.855373,172.049753,170.807585,172.173845,171.990972,171.840755,170.466721,171.33008,171.119216,171.877454,171.659126,172.276478,172.258128,172.522485,172.568203,171.581063,172.032958,173.565607,171.07723,172.028915,171.464435,172.062815,172.292961,171.467234,171.628026,171.607188,171.256993,173.007969,173.083855,171.167422,171.805922,173.367183,171.977288,171.421205,171.976044,172.264348,171.945254,171.708266,172.668348,170.511506,172.789019,171.907311,171.650418,171.683384,171.285916,171.394458,170.65768,170.999788,171.524149,171.131968,171.902335,171.509531,172.493561,172.515021,172.075877,172.436957,171.795659,171.885229,172.53928,172.068102,172.474589,171.603767,171.177374,171.998747,171.456038,172.319085,171.321993,171.984441,171.504556,170.91053,172.32344,171.5708,171.939034,172.764138,171.500512,172.89725,172.848111,173.274503,172.35454,171.824272,171.993149,172.355474,171.741854,173.129262,172.247243,172.415188,171.405966,172.27399,170.563445,171.660992,171.903578,171.150316,172.224539,172.524973,171.054215,172.311622,171.409387,172.345833,171.180485,171.86688,171.953029,171.439243,171.909799,171.673743,171.642332,171.4352,171.600968,171.822095,171.845731,171.091225,172.014609,171.841999,171.803123,172.052552,172.843446,171.653217,172.0059,172.325617,171.086249,172.511911,171.534412,171.491182,171.427736,171.194169,171.555871,172.069657,171.829248,172.038245,171.061057,173.425653,172.760095,171.819607,171.985374,172.31442,172.923686,172.405857,171.938723,172.923375,171.924728,172.398393,172.538035,172.58593,172.048197,171.532546,172.347699,173.210436,172.402436,171.953029,172.550476,171.915086,171.678097,171.784462,171.485583,172.871747,171.303644,172.577844,171.516996,172.694473,170.666388,171.602522,171.862215,170.944429,170.811318,171.765803,172.194683,172.399325,171.74963,171.573288,171.821784,171.920062,173.150099,171.519795,171.527881,174.599087,172.007456,172.528705,171.612475,171.633934,172.166381,171.654461,170.885027,172.66897,173.260197,172.927418,171.164623,172.527461,171.440798,171.227758,172.22765,173.049644,172.979978,172.392172,171.908555,172.182242,171.816185,171.172087,172.055662,172.766005,171.192303,173.187109,172.801149,171.12668,171.639533,172.460284,171.342209,171.469722,172.374134,172.677368,172.386574,172.008389,171.704534,171.495847,172.06126,171.782596,170.992947,172.094849,170.662655,171.990351,171.849774,172.251908,172.525906,172.134035,171.264768,173.251489,171.548097,171.888961,169.621711,172.577534,172.268081,172.626362,172.758851,172.401191,173.097539,172.023317,173.193952,172.030159,171.673432,173.083544,171.764247,171.779175,171.245174,172.73988,171.974488,171.695203,171.184838,171.819607,172.814522,173.514912,172.526217,172.62263,171.553384,172.533992,171.726926,172.108222,170.659857,171.565202,172.092671,171.187637,171.795037,171.777309,173.240914,173.089453,171.760826,172.27088,171.209719,172.723707,171.939655,171.301466,172.046954,172.154563,171.912909,173.134239,171.839822,171.657571,172.467748,172.904403,172.046021,171.739367,171.840755,170.845217,172.539591,172.659329,173.03596,171.692404,171.61994,172.0737,173.243713,171.581996,171.754606,172.573491,171.952407,173.336082,172.588108,172.950432,172.272124,172.001857,170.754714,171.873411,171.48745,171.988173,173.161918,171.526326,172.318152,171.82085,172.457173,171.258548,171.847908,172.02114,172.663994,171.812453,172.278344,172.3449,172.167002,173.402327,170.632177,171.338477,171.357138,172.456862,172.288296,171.84231,172.754497,171.378597,173.240604,171.582618,173.238738,172.654975,174.094321]
#CPU Result:#
[2743.957499,2751.012099,2747.567371,2667.388828,2650.345887,2692.445517,2768.628848,2770.983492,2646.196416,2611.14019,2651.87978,2632.509566,2714.391501,2649.230923,2712.397006,2641.537824,2625.140848,2589.653254,2705.335564,2641.497704,2604.840097,2619.096714,2628.830339,2654.010187,2603.240271,2577.807573,2589.116453,2649.789183,2601.761426,2593.301381,2585.839049,2637.664527,2628.212676,2582.713105,2587.09179,2592.010074,2584.364248,2527.644433,2597.263625,2559.598351,2616.529652,2647.911316,2603.954656,2584.881766,2655.236492,2541.230827,2561.041119,2511.53203,2558.16367,2522.773422,2574.654882,2587.268131,2523.711734,2472.475927,2538.416203,2487.671789,2542.180958,2494.432175,2531.590816,2476.61327,2502.986145,2563.081333,2593.229226,2459.824112,2529.976062,2458.943648,2557.424093,2551.336729,2567.428605,2506.978869,2499.690391,2520.888713,2521.580394,2554.151353,2606.516742,2553.053495,2476.165107,2510.042611,2489.882435,2508.557858,2540.668835,2444.288629,2481.799953,2513.159225,2476.448747,2594.054332,2515.459753,2490.979984,2447.942354,2506.250176,2496.674544,2484.237947,2504.105775,3030.806298,3293.398322,2922.474979,3311.869101,3375.590644,2580.912678,2658.297746,2892.063661,2874.050064,2512.481848,2716.187263,3211.34813,3098.633772,3279.759367,2943.98493,2600.696223,2730.95269,2541.462528,2521.444172,2514.0428,2715.284717,2515.68119,2782.895107,2700.581181,2653.409941,2817.96906,2655.559007,2665.596177,2585.611391,2549.704247,2869.103478,3012.986149,2572.095284,2590.894798,2945.599996,2843.957219,2681.785398,2660.527364,2569.353436,2565.889115,2647.134105,2574.838377,2541.985645,2533.494187,2660.244036,2522.968424,2584.164892,2645.9756,2790.094014,2591.090734,2779.797776,2633.190674,2773.428639,2623.253339,2548.536722,2586.842673,2616.616112,2681.15965,2661.562399,2531.596414,2830.712001,2791.543002,2666.845807,2634.919568,2650.656274,3063.061583,3158.631302,2629.773627,2649.053337,2544.050428,2530.635399,2487.831025,2726.742571,2651.5159,2509.08595,2642.443169,2617.166285,2626.463255,2560.080414,2824.625259,2673.029273,2548.386194,2573.138406,2613.759191,2611.819432,2570.910343,2552.10803,2700.901209,2819.122279,2633.219287,3408.365935,3309.386322,2905.646635,2656.138105,2563.811269,2634.526143,3096.873776,2663.525795,2692.91234,2529.143181,2540.529193,2685.871424,2711.664582,2642.381589,2707.151541,2562.333047,2566.126103,2595.996578,2574.399544,2511.604495,2525.13864,2633.186941,2649.32236,2574.756582,2580.600737,2547.047925,2607.800584,2548.373131,2707.294294,2581.495819,2761.633341,2635.281893,2763.709943,2774.015822,2938.149171,2772.950619,2623.598869,2582.44937,2744.43272,2801.931921,3124.473891,2645.436623,2650.294883,2581.863741,2676.086484,2566.499313,2620.460796,2559.241937,2657.938221,2823.884126,2590.344625,2563.258919,2536.595872,2585.776225,2495.183882,2481.214325,2502.06805,2634.28138,2511.007048,2629.608792,2577.696543,2604.821747,2749.282581,2742.680188,2590.001272,2540.670702,2566.392948,2598.536271,2574.791725,2608.60423,2648.614194,2705.785904,2803.171911,2826.24841,2678.00416,2619.4071,2576.003725,2755.992585,2616.405871,2880.062475,3375.61117,2892.639337,2700.3557,2927.72853,2576.454065,2602.838447,2669.10466,2641.618375,2528.095706,2518.077198,2494.471673,2555.545914,2605.745442,2661.045504,2806.477929,2714.672342,2605.418883,2620.788288,2614.688794,2615.747778,2585.371915,2553.831637,2500.673177,2501.564216,2549.21783,2535.390093,2524.923422,2535.010974,2493.294507,2490.267153,2557.235622,2509.410953,2524.598418,2508.928579,2551.421634,2488.140789,2534.406996,2500.285039,2501.63668,2597.941623,2638.306137,2711.362592,2551.752858,2497.128306,2786.924219,2588.528026,2623.666669,2549.410655,2575.509221,2921.981098,2530.152403,2557.567779,2554.864806,2527.752353,2511.502484,2613.305741,2523.030004,2530.531211,2498.106115,2468.761244,2609.169331,2622.783716,2864.43089,2527.658739,2539.227624,2963.121266,2592.06419,2703.812867,2598.729096,3031.66126,2517.523604,2625.22171,2788.857135,2698.006033,2626.188013,2838.060814,2714.788037,2655.050198,3087.66078,2601.649774,2575.20941,2499.690703,2539.991149,2549.762716,2577.804151,2563.175257,2502.74356,2477.009805,2484.70446,2549.168691,2534.587692,2518.849431,2524.472149,2478.304843,2481.029587,2485.758155,2495.757693,2483.997538,2514.287873,2509.524471,2510.689197,2488.662662,2494.592034,2502.06494,2506.055796,2539.67703,2595.264464,2516.755724,2503.322657,2568.925488,2609.78264,2509.376742,2532.166803,2603.913604,2692.717649,2665.09452,2556.475207,2576.434782,2567.857486,2621.721312,2546.56493,2474.535113,2852.881911,2654.463014,2826.762818,2697.645886,2668.48451,2609.123302,2544.452251,2537.262362,2511.179658,2577.391754,2591.254946,2635.905776,2575.449819,3077.149635,2698.041488,2680.885652,2575.396637,2918.786732,2838.594815,2675.761169,2824.731001,2860.257471,2648.422924,2549.253907,2780.941665,2888.926831,3027.940047,3126.902554,3335.978458,2919.06695,2844.883713,3489.99782,3858.729177,2978.493159,2816.825483,2873.187327,2771.519048,2701.297122,3380.941851,2885.951727,2640.058668,2672.752787,2639.76632,2875.371849,2637.81039,2547.502309,2605.569099,2513.716862,2611.372203,2543.512384,2553.628238,2521.592523,2483.528226,2472.779471,2481.587846,2700.727666,2582.660545,2548.366911,2596.320648,2757.097908,2974.339333,2666.005463,2695.668495,2644.955493,2840.564119,2620.055242,2617.559089,2695.071048,2592.039308,2590.227686,2610.140921,2685.075555,2707.816788,2557.508687,2550.640071,2562.069001,2662.061879,2572.333206,2574.700912,2579.881064,2512.302708,2519.309101,2543.625591,2567.672748,2575.167423,2582.635353,2659.328116,2550.413657,2679.257213,2572.379235,2602.495095,2591.376239,2594.066771,2642.936738,2572.910436,2677.421953,2683.42379,2600.746606,2679.49078,2889.752248,2645.849953,2626.814694,2788.13715,2624.495195,2640.896213,2679.865545,3181.60517,2599.241326,2581.247634,2498.858444,2470.193438,2528.160396,2600.271075,2546.265739,2521.068786,2507.664021,2606.009176,2629.10216,2737.079552,2626.652969,2738.55031,2581.466273,2650.795605,2571.496283,3117.007827,2684.657559,2572.918834,2657.377162,2575.462259,2554.480089,2599.210537,2552.800023,2538.98908,2619.192504,2659.853721,2880.915882,2606.470091,2615.9829,2688.422314,2569.211927,2510.484865,2469.670633,2530.032976,2526.901123,2496.486384,2492.708256,2608.393366,2554.9833,2544.418662,2532.563028,2572.250788,2553.651252,2535.473132,2624.338446,2757.549492,2987.788262,3230.752245,2897.399629,2639.595267,2625.164485,2646.052731,2725.139324,2770.310781,2622.071507,2746.390206,2883.597395,2975.352598,2547.498888,2638.592265,2907.609718,2700.238761,2583.308064,2675.358725,3124.132404,2772.097835,2729.278532,2631.88755,2576.047577,2620.979558,2612.689634,2539.669566,2609.748428,2518.609333,2627.716929,2644.748051,2666.64303,2793.079383,2726.481013,2735.058309,2769.836183,3571.383076,3357.919156,3138.522133,2708.473948,2594.890321,2705.98495,2631.19058,2545.805759,2527.134068,2904.311476,3076.496517,2697.925481,2646.395151,2833.36459,2651.50035,3161.022334,3208.474415,2781.621218,2557.820317,2524.32442,2494.212293,2582.479538,2519.983678,2513.942965,2748.839706,2840.412347,7415.587546,4658.484662,3206.032689,2947.905499,3025.330065,2784.578595,2929.749151,2854.607074,3342.611642,3005.374534,3505.292272,2705.993035,2534.219458,2508.643697,2545.416065,2490.792446,2533.46433,2581.678692,2595.647004,2603.273238,2520.243059,2660.369061,2576.003102,2710.067554,3037.893554,2645.214563,2608.472362,2541.378245,2578.347483,2657.853315,2611.543879,2557.220382,2572.110523,2527.761372,2555.405649,2501.755486,2631.414506,2697.985507,2597.455206,2790.417152,3174.189178,2890.227779,2801.698354,2771.972809,2859.583827,2870.224663,3727.181404,3217.879615,3054.015909,3113.808797,2881.26701,2981.048713,2862.432662,3150.56095,2934.489848,2657.970877,2617.453347,2635.672831,4015.80917,5759.187883,3318.942672,3036.551553,3121.663931,2757.988013,2722.641928,2623.13329,2607.733718,2876.553681,2810.708263,3012.454324,2797.358234,2822.132838,2910.639871,2929.914917,2792.735096,2734.664884,2710.241097,2662.542075,2785.062834,2715.108375,2628.848688,2800.468938,2884.69712,2804.792264,2687.463787,2665.422323,3024.458309,2809.574326,2954.677703,2915.311526,2610.773511,2658.643898,2701.192624,2750.819584,3011.199406,3867.735042,2957.758862,2709.962433,3993.662274,2814.957257,2665.30725,2656.532775,2614.250584,2612.718557,2676.598714,2625.613891,2635.313927,2812.714576,2807.402244,3161.523368,2740.21296,2692.884039,2818.281312,2673.367339,2763.704033,2633.891997,3721.937494,2762.218036,2610.900403,2733.208744,2679.310706,2750.494892,3124.364104,2805.316312,2786.041889,3282.303414,2828.263744,2629.118332,3187.211715,2811.892892,3322.484745,2940.525896,3524.058197,2750.966069,3126.12721,2740.121212,3578.740597,2721.412823,2836.181391,2968.771353,2893.730977,2891.575378,3002.905128,2654.128992,2626.136075,2749.697778,2538.397854,2733.702936,2713.616469,2842.386627,2772.31554,2735.743461,2729.973636,2762.090834,2598.317632,2642.287042,2673.561719,2723.939765,2620.28912,2655.458241,2736.112316,2572.203204,2533.770051,2707.352141,2690.523175,3867.192332,2576.273057,2551.08388,2526.521071,2467.001871,2526.313939,2509.293081,2496.671434,2574.488493,2546.432751,2554.149177,2775.513327,2551.88006,2573.196564,2561.677131,2565.756625,2683.093811,3532.187641,3009.71683,2736.764501,2696.482404,2553.096724,2700.550702,2685.171345,2641.071933,2585.144567,2648.750105,2693.627348,2596.538976,2678.104305,2614.9065,2672.935038,2608.548559,2553.571634,2533.4211,2558.59535,2546.030307,2856.820519,2611.005213,2589.302125,2862.540894,2714.551671,2604.113582,2896.4806,2735.841739,2828.603986,3255.779077,2851.640677,3052.296655,2831.941727,2673.244491,3106.218329,2814.939218,2940.552332,2665.108204,2603.120221,3088.315763,2973.532266,2809.052765,2853.373304,3117.550225,3572.294641,2650.395027,2694.014242,2602.197148,2625.443459,2771.840009,2637.727351,2610.40279,2652.498997,2952.751008,2804.611568,3434.655149,3435.480876,2699.806149,2694.264915,2913.631459,2806.233476,2662.548607,2859.673087,2704.47376,2921.693725,3023.543323,2970.906424,2833.455715,2947.638033,3216.565916,2971.62081,2882.261304,2734.356674,2743.349788,3379.706527,3373.706244,2712.584233,2966.865184,2827.617779,3225.672548,2962.112977,3044.41664,2838.06579,2703.427839,2921.400756,3003.955403,3193.72205,3168.571437,3976.336628,3081.209536,3207.253085,2897.621689,2963.434141,2989.971228,2883.810435,2812.2745,2770.943372,2672.06608,2667.448542,2766.745072,2721.712635,2883.767205,2617.783637,2668.210511,2631.673576,2632.645166,2737.45245,3268.318618,2945.079679,3002.842304,2902.318224,2919.322599,2742.824496,2623.129558,2838.081651,3360.587607,3635.662878,4417.158449,3178.428842,3358.985603,3038.002096,2961.165646,3216.613188,2857.158274,2607.835106,2812.912689,2683.797311,2885.596867,2800.426952,2902.980361,2863.365687,2773.93185,2736.190379,2613.887015,2773.033348,2743.92982,2942.31917,2857.936417,2838.870369,2908.864948,2835.327051,2793.477162,2932.937296,3071.434236,2770.961411,2716.674302,2938.063956,2810.867498,2772.740999,3658.784785,2664.668749,2568.393975,2850.50301,3026.768478,2679.014938,2724.809966,2765.627931,2628.224805,2933.546249,3111.321664,3138.537994,3348.636493,3076.920422,3010.726674,2968.079048,2625.613892,2684.202244,2955.531421,2960.298556,2640.72547,2544.068155,2630.819858,2516.415791,2620.553476,2854.691668,2716.244489,2629.12393,2746.131757,2808.118807,2964.589536,3118.367867,2710.15899,2889.110638,2568.088877,2600.378995,2596.24725,2646.539147,3117.195054,3274.188899,3989.022653,3370.383744,3398.491423,3245.238075,3153.816273,2866.705294,2920.580938,2936.972939,3359.867,3346.400033,3551.07797,3547.830111,3052.268043,3353.277669,2946.124978,2762.827923,3114.673399,3147.990778,3120.160207,3312.969136,3067.495628,3419.155744,3201.86269,2886.282018,3080.278688,2865.075611,3434.919507,2844.985101]
